<?xml version="1.0" encoding="utf-8" standalone="no"?>
<!DOCTYPE svg PUBLIC "-//W3C//DTD SVG 1.1//EN"
  "http://www.w3.org/Graphics/SVG/1.1/DTD/svg11.dtd">
<svg xmlns:xlink="http://www.w3.org/1999/xlink" width="329.41825pt" height="318.190125pt" viewBox="0 0 329.41825 318.190125" xmlns="http://www.w3.org/2000/svg" version="1.1">
 <metadata>
  <rdf:RDF xmlns:dc="http://purl.org/dc/elements/1.1/" xmlns:cc="http://creativecommons.org/ns#" xmlns:rdf="http://www.w3.org/1999/02/22-rdf-syntax-ns#">
   <cc:Work>
    <dc:type rdf:resource="http://purl.org/dc/dcmitype/StillImage"/>
    <dc:date>2025-07-21T05:54:20.411443</dc:date>
    <dc:format>image/svg+xml</dc:format>
    <dc:creator>
     <cc:Agent>
      <dc:title>Matplotlib v3.10.3, https://matplotlib.org/</dc:title>
     </cc:Agent>
    </dc:creator>
   </cc:Work>
  </rdf:RDF>
 </metadata>
 <defs>
  <style type="text/css">*{stroke-linejoin: round; stroke-linecap: butt}</style>
 </defs>
 <g id="figure_1">
  <g id="patch_1">
   <path d="M 0 318.190125 
L 329.41825 318.190125 
L 329.41825 0 
L 0 0 
z
" style="fill: #ffffff"/>
  </g>
  <g id="axes_1">
   <g id="patch_2">
    <path d="M 296.1745 159.095062 
C 296.1745 141.622309 292.732748 124.319455 286.046215 108.176736 
C 279.359682 92.034016 269.558403 77.365365 257.2033 65.010263 
C 244.848197 52.65516 230.179546 42.853881 214.036827 36.167347 
C 197.894107 29.480814 180.591254 26.039062 163.1185 26.039062 
C 145.645746 26.039062 128.342893 29.480814 112.200173 36.167347 
C 96.057454 42.853881 81.388803 52.65516 69.0337 65.010263 
C 56.678597 77.365365 46.877318 92.034016 40.190785 108.176736 
C 33.504252 124.319455 30.0625 141.622309 30.0625 159.095062 
C 30.0625 176.567816 33.504252 193.87067 40.190785 210.013389 
C 46.877318 226.156109 56.678597 240.82476 69.0337 253.179862 
C 81.388803 265.534965 96.057454 275.336244 112.200173 282.022778 
C 128.342893 288.709311 145.645746 292.151062 163.1185 292.151062 
C 180.591254 292.151062 197.894107 288.709311 214.036827 282.022778 
C 230.179546 275.336244 244.848197 265.534965 257.2033 253.179862 
C 269.558403 240.82476 279.359682 226.156109 286.046215 210.013389 
C 292.732748 193.87067 296.1745 176.567816 296.1745 159.095062 
M 163.1185 159.095062 
C 163.1185 159.095062 163.1185 159.095062 163.1185 159.095062 
C 163.1185 159.095062 163.1185 159.095062 163.1185 159.095062 
C 163.1185 159.095062 163.1185 159.095062 163.1185 159.095062 
C 163.1185 159.095062 163.1185 159.095062 163.1185 159.095062 
C 163.1185 159.095062 163.1185 159.095062 163.1185 159.095062 
C 163.1185 159.095062 163.1185 159.095062 163.1185 159.095062 
C 163.1185 159.095062 163.1185 159.095062 163.1185 159.095062 
C 163.1185 159.095062 163.1185 159.095062 163.1185 159.095062 
C 163.1185 159.095062 163.1185 159.095062 163.1185 159.095062 
C 163.1185 159.095062 163.1185 159.095062 163.1185 159.095062 
C 163.1185 159.095062 163.1185 159.095062 163.1185 159.095062 
C 163.1185 159.095062 163.1185 159.095062 163.1185 159.095062 
C 163.1185 159.095062 163.1185 159.095062 163.1185 159.095062 
C 163.1185 159.095062 163.1185 159.095062 163.1185 159.095062 
C 163.1185 159.095062 163.1185 159.095062 163.1185 159.095062 
C 163.1185 159.095062 163.1185 159.095062 163.1185 159.095062 
z
" style="fill: #ffffff"/>
   </g>
   <g id="matplotlib.axis_1">
    <g id="xtick_1">
     <g id="line2d_1">
      <path d="M 163.1185 159.095062 
L 163.1185 26.039062 
" clip-path="url(#p6820df31bc)" style="fill: none; stroke: #b0b0b0; stroke-width: 0.8; stroke-linecap: square"/>
     </g>
     <g id="text_1">
      <!-- 0° -->
      <g transform="translate(157.43725 14.798437) scale(0.1 -0.1)">
       <defs>
        <path id="DejaVuSans-30" d="M 2034 4250 
Q 1547 4250 1301 3770 
Q 1056 3291 1056 2328 
Q 1056 1369 1301 889 
Q 1547 409 2034 409 
Q 2525 409 2770 889 
Q 3016 1369 3016 2328 
Q 3016 3291 2770 3770 
Q 2525 4250 2034 4250 
z
M 2034 4750 
Q 2819 4750 3233 4129 
Q 3647 3509 3647 2328 
Q 3647 1150 3233 529 
Q 2819 -91 2034 -91 
Q 1250 -91 836 529 
Q 422 1150 422 2328 
Q 422 3509 836 4129 
Q 1250 4750 2034 4750 
z
" transform="scale(0.015625)"/>
        <path id="DejaVuSans-b0" d="M 1600 4347 
Q 1350 4347 1178 4173 
Q 1006 4000 1006 3750 
Q 1006 3503 1178 3333 
Q 1350 3163 1600 3163 
Q 1850 3163 2022 3333 
Q 2194 3503 2194 3750 
Q 2194 3997 2020 4172 
Q 1847 4347 1600 4347 
z
M 1600 4750 
Q 1800 4750 1984 4673 
Q 2169 4597 2303 4453 
Q 2447 4313 2519 4134 
Q 2591 3956 2591 3750 
Q 2591 3338 2302 3052 
Q 2013 2766 1594 2766 
Q 1172 2766 890 3047 
Q 609 3328 609 3750 
Q 609 4169 896 4459 
Q 1184 4750 1600 4750 
z
" transform="scale(0.015625)"/>
       </defs>
       <use xlink:href="#DejaVuSans-30"/>
       <use xlink:href="#DejaVuSans-b0" transform="translate(63.623047 0)"/>
      </g>
     </g>
    </g>
    <g id="xtick_2">
     <g id="line2d_2">
      <path d="M 163.1185 159.095062 
L 69.0337 65.010263 
" clip-path="url(#p6820df31bc)" style="fill: none; stroke: #b0b0b0; stroke-width: 0.8; stroke-linecap: square"/>
     </g>
     <g id="text_2">
      <!-- 45° -->
      <g transform="translate(50.271705 57.870143) scale(0.1 -0.1)">
       <defs>
        <path id="DejaVuSans-34" d="M 2419 4116 
L 825 1625 
L 2419 1625 
L 2419 4116 
z
M 2253 4666 
L 3047 4666 
L 3047 1625 
L 3713 1625 
L 3713 1100 
L 3047 1100 
L 3047 0 
L 2419 0 
L 2419 1100 
L 313 1100 
L 313 1709 
L 2253 4666 
z
" transform="scale(0.015625)"/>
        <path id="DejaVuSans-35" d="M 691 4666 
L 3169 4666 
L 3169 4134 
L 1269 4134 
L 1269 2991 
Q 1406 3038 1543 3061 
Q 1681 3084 1819 3084 
Q 2600 3084 3056 2656 
Q 3513 2228 3513 1497 
Q 3513 744 3044 326 
Q 2575 -91 1722 -91 
Q 1428 -91 1123 -41 
Q 819 9 494 109 
L 494 744 
Q 775 591 1075 516 
Q 1375 441 1709 441 
Q 2250 441 2565 725 
Q 2881 1009 2881 1497 
Q 2881 1984 2565 2268 
Q 2250 2553 1709 2553 
Q 1456 2553 1204 2497 
Q 953 2441 691 2322 
L 691 4666 
z
" transform="scale(0.015625)"/>
       </defs>
       <use xlink:href="#DejaVuSans-34"/>
       <use xlink:href="#DejaVuSans-35" transform="translate(63.623047 0)"/>
       <use xlink:href="#DejaVuSans-b0" transform="translate(127.246094 0)"/>
      </g>
     </g>
    </g>
    <g id="xtick_3">
     <g id="line2d_3">
      <path d="M 163.1185 159.095062 
L 30.0625 159.095062 
" clip-path="url(#p6820df31bc)" style="fill: none; stroke: #b0b0b0; stroke-width: 0.8; stroke-linecap: square"/>
     </g>
     <g id="text_3">
      <!-- 90° -->
      <g transform="translate(7.2 161.854437) scale(0.1 -0.1)">
       <defs>
        <path id="DejaVuSans-39" d="M 703 97 
L 703 672 
Q 941 559 1184 500 
Q 1428 441 1663 441 
Q 2288 441 2617 861 
Q 2947 1281 2994 2138 
Q 2813 1869 2534 1725 
Q 2256 1581 1919 1581 
Q 1219 1581 811 2004 
Q 403 2428 403 3163 
Q 403 3881 828 4315 
Q 1253 4750 1959 4750 
Q 2769 4750 3195 4129 
Q 3622 3509 3622 2328 
Q 3622 1225 3098 567 
Q 2575 -91 1691 -91 
Q 1453 -91 1209 -44 
Q 966 3 703 97 
z
M 1959 2075 
Q 2384 2075 2632 2365 
Q 2881 2656 2881 3163 
Q 2881 3666 2632 3958 
Q 2384 4250 1959 4250 
Q 1534 4250 1286 3958 
Q 1038 3666 1038 3163 
Q 1038 2656 1286 2365 
Q 1534 2075 1959 2075 
z
" transform="scale(0.015625)"/>
       </defs>
       <use xlink:href="#DejaVuSans-39"/>
       <use xlink:href="#DejaVuSans-30" transform="translate(63.623047 0)"/>
       <use xlink:href="#DejaVuSans-b0" transform="translate(127.246094 0)"/>
      </g>
     </g>
    </g>
    <g id="xtick_4">
     <g id="line2d_4">
      <path d="M 163.1185 159.095062 
L 69.0337 253.179862 
" clip-path="url(#p6820df31bc)" style="fill: none; stroke: #b0b0b0; stroke-width: 0.8; stroke-linecap: square"/>
     </g>
     <g id="text_4">
      <!-- 135° -->
      <g transform="translate(47.090455 265.838732) scale(0.1 -0.1)">
       <defs>
        <path id="DejaVuSans-31" d="M 794 531 
L 1825 531 
L 1825 4091 
L 703 3866 
L 703 4441 
L 1819 4666 
L 2450 4666 
L 2450 531 
L 3481 531 
L 3481 0 
L 794 0 
L 794 531 
z
" transform="scale(0.015625)"/>
        <path id="DejaVuSans-33" d="M 2597 2516 
Q 3050 2419 3304 2112 
Q 3559 1806 3559 1356 
Q 3559 666 3084 287 
Q 2609 -91 1734 -91 
Q 1441 -91 1130 -33 
Q 819 25 488 141 
L 488 750 
Q 750 597 1062 519 
Q 1375 441 1716 441 
Q 2309 441 2620 675 
Q 2931 909 2931 1356 
Q 2931 1769 2642 2001 
Q 2353 2234 1838 2234 
L 1294 2234 
L 1294 2753 
L 1863 2753 
Q 2328 2753 2575 2939 
Q 2822 3125 2822 3475 
Q 2822 3834 2567 4026 
Q 2313 4219 1838 4219 
Q 1578 4219 1281 4162 
Q 984 4106 628 3988 
L 628 4550 
Q 988 4650 1302 4700 
Q 1616 4750 1894 4750 
Q 2613 4750 3031 4423 
Q 3450 4097 3450 3541 
Q 3450 3153 3228 2886 
Q 3006 2619 2597 2516 
z
" transform="scale(0.015625)"/>
       </defs>
       <use xlink:href="#DejaVuSans-31"/>
       <use xlink:href="#DejaVuSans-33" transform="translate(63.623047 0)"/>
       <use xlink:href="#DejaVuSans-35" transform="translate(127.246094 0)"/>
       <use xlink:href="#DejaVuSans-b0" transform="translate(190.869141 0)"/>
      </g>
     </g>
    </g>
    <g id="xtick_5">
     <g id="line2d_5">
      <path d="M 163.1185 159.095062 
L 163.1185 292.151062 
" clip-path="url(#p6820df31bc)" style="fill: none; stroke: #b0b0b0; stroke-width: 0.8; stroke-linecap: square"/>
     </g>
     <g id="text_5">
      <!-- 180° -->
      <g transform="translate(151.07475 308.910437) scale(0.1 -0.1)">
       <defs>
        <path id="DejaVuSans-38" d="M 2034 2216 
Q 1584 2216 1326 1975 
Q 1069 1734 1069 1313 
Q 1069 891 1326 650 
Q 1584 409 2034 409 
Q 2484 409 2743 651 
Q 3003 894 3003 1313 
Q 3003 1734 2745 1975 
Q 2488 2216 2034 2216 
z
M 1403 2484 
Q 997 2584 770 2862 
Q 544 3141 544 3541 
Q 544 4100 942 4425 
Q 1341 4750 2034 4750 
Q 2731 4750 3128 4425 
Q 3525 4100 3525 3541 
Q 3525 3141 3298 2862 
Q 3072 2584 2669 2484 
Q 3125 2378 3379 2068 
Q 3634 1759 3634 1313 
Q 3634 634 3220 271 
Q 2806 -91 2034 -91 
Q 1263 -91 848 271 
Q 434 634 434 1313 
Q 434 1759 690 2068 
Q 947 2378 1403 2484 
z
M 1172 3481 
Q 1172 3119 1398 2916 
Q 1625 2713 2034 2713 
Q 2441 2713 2670 2916 
Q 2900 3119 2900 3481 
Q 2900 3844 2670 4047 
Q 2441 4250 2034 4250 
Q 1625 4250 1398 4047 
Q 1172 3844 1172 3481 
z
" transform="scale(0.015625)"/>
       </defs>
       <use xlink:href="#DejaVuSans-31"/>
       <use xlink:href="#DejaVuSans-38" transform="translate(63.623047 0)"/>
       <use xlink:href="#DejaVuSans-30" transform="translate(127.246094 0)"/>
       <use xlink:href="#DejaVuSans-b0" transform="translate(190.869141 0)"/>
      </g>
     </g>
    </g>
    <g id="xtick_6">
     <g id="line2d_6">
      <path d="M 163.1185 159.095062 
L 257.2033 253.179862 
" clip-path="url(#p6820df31bc)" style="fill: none; stroke: #b0b0b0; stroke-width: 0.8; stroke-linecap: square"/>
     </g>
     <g id="text_6">
      <!-- 225° -->
      <g transform="translate(255.059045 265.838732) scale(0.1 -0.1)">
       <defs>
        <path id="DejaVuSans-32" d="M 1228 531 
L 3431 531 
L 3431 0 
L 469 0 
L 469 531 
Q 828 903 1448 1529 
Q 2069 2156 2228 2338 
Q 2531 2678 2651 2914 
Q 2772 3150 2772 3378 
Q 2772 3750 2511 3984 
Q 2250 4219 1831 4219 
Q 1534 4219 1204 4116 
Q 875 4013 500 3803 
L 500 4441 
Q 881 4594 1212 4672 
Q 1544 4750 1819 4750 
Q 2544 4750 2975 4387 
Q 3406 4025 3406 3419 
Q 3406 3131 3298 2873 
Q 3191 2616 2906 2266 
Q 2828 2175 2409 1742 
Q 1991 1309 1228 531 
z
" transform="scale(0.015625)"/>
       </defs>
       <use xlink:href="#DejaVuSans-32"/>
       <use xlink:href="#DejaVuSans-32" transform="translate(63.623047 0)"/>
       <use xlink:href="#DejaVuSans-35" transform="translate(127.246094 0)"/>
       <use xlink:href="#DejaVuSans-b0" transform="translate(190.869141 0)"/>
      </g>
     </g>
    </g>
    <g id="xtick_7">
     <g id="line2d_7">
      <path d="M 163.1185 159.095062 
L 296.1745 159.095062 
" clip-path="url(#p6820df31bc)" style="fill: none; stroke: #b0b0b0; stroke-width: 0.8; stroke-linecap: square"/>
     </g>
     <g id="text_7">
      <!-- 270° -->
      <g transform="translate(298.13075 161.854437) scale(0.1 -0.1)">
       <defs>
        <path id="DejaVuSans-37" d="M 525 4666 
L 3525 4666 
L 3525 4397 
L 1831 0 
L 1172 0 
L 2766 4134 
L 525 4134 
L 525 4666 
z
" transform="scale(0.015625)"/>
       </defs>
       <use xlink:href="#DejaVuSans-32"/>
       <use xlink:href="#DejaVuSans-37" transform="translate(63.623047 0)"/>
       <use xlink:href="#DejaVuSans-30" transform="translate(127.246094 0)"/>
       <use xlink:href="#DejaVuSans-b0" transform="translate(190.869141 0)"/>
      </g>
     </g>
    </g>
    <g id="xtick_8">
     <g id="line2d_8">
      <path d="M 163.1185 159.095062 
L 257.2033 65.010263 
" clip-path="url(#p6820df31bc)" style="fill: none; stroke: #b0b0b0; stroke-width: 0.8; stroke-linecap: square"/>
     </g>
     <g id="text_8">
      <!-- 315° -->
      <g transform="translate(255.059045 57.870143) scale(0.1 -0.1)">
       <use xlink:href="#DejaVuSans-33"/>
       <use xlink:href="#DejaVuSans-31" transform="translate(63.623047 0)"/>
       <use xlink:href="#DejaVuSans-35" transform="translate(127.246094 0)"/>
       <use xlink:href="#DejaVuSans-b0" transform="translate(190.869141 0)"/>
      </g>
     </g>
    </g>
   </g>
   <g id="matplotlib.axis_2">
    <g id="ytick_1">
     <g id="line2d_9">
      <path d="M 163.1185 135.897199 
C 160.072184 135.897199 157.05549 136.497257 154.241062 137.663031 
C 151.426633 138.828806 148.869204 140.537625 146.715133 142.691696 
C 144.561063 144.845766 142.852243 147.403196 141.686469 150.217624 
C 140.520694 153.032053 139.920636 156.048747 139.920636 159.095062 
C 139.920636 162.141378 140.520694 165.158072 141.686469 167.972501 
C 142.852243 170.786929 144.561063 173.344359 146.715133 175.498429 
C 148.869204 177.6525 151.426633 179.361319 154.241062 180.527094 
C 157.05549 181.692868 160.072184 182.292926 163.1185 182.292926 
C 166.164816 182.292926 169.18151 181.692868 171.995938 180.527094 
C 174.810367 179.361319 177.367796 177.6525 179.521867 175.498429 
C 181.675937 173.344359 183.384757 170.786929 184.550531 167.972501 
C 185.716306 165.158072 186.316364 162.141378 186.316364 159.095062 
C 186.316364 156.048747 185.716306 153.032053 184.550531 150.217624 
C 183.384757 147.403196 181.675937 144.845766 179.521867 142.691696 
C 177.367796 140.537625 174.810367 138.828806 171.995938 137.663031 
C 169.18151 136.497257 166.164816 135.897199 163.1185 135.897199 
" clip-path="url(#p6820df31bc)" style="fill: none; stroke: #b0b0b0; stroke-width: 0.8; stroke-linecap: square"/>
     </g>
     <g id="text_9">
      <!-- 0.1 -->
      <g transform="translate(154.241062 135.583344) scale(0.1 -0.1)">
       <defs>
        <path id="DejaVuSans-2e" d="M 684 794 
L 1344 794 
L 1344 0 
L 684 0 
L 684 794 
z
" transform="scale(0.015625)"/>
       </defs>
       <use xlink:href="#DejaVuSans-30"/>
       <use xlink:href="#DejaVuSans-2e" transform="translate(63.623047 0)"/>
       <use xlink:href="#DejaVuSans-31" transform="translate(95.410156 0)"/>
      </g>
     </g>
    </g>
    <g id="ytick_2">
     <g id="line2d_10">
      <path d="M 163.1185 112.699335 
C 157.025869 112.699335 150.992481 113.899451 145.363624 116.231 
C 139.734767 118.562549 134.619907 121.980188 130.311767 126.288329 
C 126.003626 130.59647 122.585986 135.711329 120.254437 141.340186 
C 117.922888 146.969043 116.722773 153.002431 116.722773 159.095062 
C 116.722773 165.187694 117.922888 171.221082 120.254437 176.849939 
C 122.585986 182.478796 126.003626 187.593655 130.311767 191.901796 
C 134.619907 196.209937 139.734767 199.627576 145.363624 201.959125 
C 150.992481 204.290674 157.025869 205.49079 163.1185 205.49079 
C 169.211131 205.49079 175.244519 204.290674 180.873376 201.959125 
C 186.502233 199.627576 191.617093 196.209937 195.925233 191.901796 
C 200.233374 187.593655 203.651014 182.478796 205.982563 176.849939 
C 208.314112 171.221082 209.514227 165.187694 209.514227 159.095062 
C 209.514227 153.002431 208.314112 146.969043 205.982563 141.340186 
C 203.651014 135.711329 200.233374 130.59647 195.925233 126.288329 
C 191.617093 121.980188 186.502233 118.562549 180.873376 116.231 
C 175.244519 113.899451 169.211131 112.699335 163.1185 112.699335 
" clip-path="url(#p6820df31bc)" style="fill: none; stroke: #b0b0b0; stroke-width: 0.8; stroke-linecap: square"/>
     </g>
     <g id="text_10">
      <!-- 0.2 -->
      <g transform="translate(145.363624 114.151312) scale(0.1 -0.1)">
       <use xlink:href="#DejaVuSans-30"/>
       <use xlink:href="#DejaVuSans-2e" transform="translate(63.623047 0)"/>
       <use xlink:href="#DejaVuSans-32" transform="translate(95.410156 0)"/>
      </g>
     </g>
    </g>
    <g id="ytick_3">
     <g id="line2d_11">
      <path d="M 163.1185 89.501471 
C 153.979553 89.501471 144.929471 91.301645 136.486186 94.798968 
C 128.0429 98.296292 120.370611 103.422751 113.9084 109.884962 
C 107.446189 116.347173 102.319729 124.019462 98.822406 132.462748 
C 95.325082 140.906034 93.524909 149.956116 93.524909 159.095062 
C 93.524909 168.234009 95.325082 177.284091 98.822406 185.727377 
C 102.319729 194.170663 107.446189 201.842952 113.9084 208.305163 
C 120.370611 214.767374 128.0429 219.893833 136.486186 223.391157 
C 144.929471 226.88848 153.979553 228.688654 163.1185 228.688654 
C 172.257447 228.688654 181.307529 226.88848 189.750814 223.391157 
C 198.1941 219.893833 205.866389 214.767374 212.3286 208.305163 
C 218.790811 201.842952 223.917271 194.170663 227.414594 185.727377 
C 230.911918 177.284091 232.712091 168.234009 232.712091 159.095062 
C 232.712091 149.956116 230.911918 140.906034 227.414594 132.462748 
C 223.917271 124.019462 218.790811 116.347173 212.3286 109.884962 
C 205.866389 103.422751 198.1941 98.296292 189.750814 94.798968 
C 181.307529 91.301645 172.257447 89.501471 163.1185 89.501471 
" clip-path="url(#p6820df31bc)" style="fill: none; stroke: #b0b0b0; stroke-width: 0.8; stroke-linecap: square"/>
     </g>
     <g id="text_11">
      <!-- 0.3 -->
      <g transform="translate(136.486186 92.719281) scale(0.1 -0.1)">
       <use xlink:href="#DejaVuSans-30"/>
       <use xlink:href="#DejaVuSans-2e" transform="translate(63.623047 0)"/>
       <use xlink:href="#DejaVuSans-33" transform="translate(95.410156 0)"/>
      </g>
     </g>
    </g>
    <g id="ytick_4">
     <g id="line2d_12">
      <path d="M 163.1185 66.303608 
C 150.933238 66.303608 138.866462 68.703839 127.608748 73.366937 
C 116.351033 78.030035 106.121315 84.865314 97.505033 93.481596 
C 88.888752 102.097877 82.053472 112.327596 77.390374 123.58531 
C 72.727276 134.843024 70.327045 146.9098 70.327045 159.095062 
C 70.327045 171.280325 72.727276 183.347101 77.390374 194.604815 
C 82.053472 205.862529 88.888752 216.092248 97.505033 224.708529 
C 106.121315 233.324811 116.351033 240.16009 127.608748 244.823188 
C 138.866462 249.486286 150.933238 251.886517 163.1185 251.886517 
C 175.303762 251.886517 187.370538 249.486286 198.628252 244.823188 
C 209.885967 240.16009 220.115685 233.324811 228.731967 224.708529 
C 237.348248 216.092248 244.183528 205.862529 248.846626 194.604815 
C 253.509724 183.347101 255.909955 171.280325 255.909955 159.095062 
C 255.909955 146.9098 253.509724 134.843024 248.846626 123.58531 
C 244.183528 112.327596 237.348248 102.097877 228.731967 93.481596 
C 220.115685 84.865314 209.885967 78.030035 198.628252 73.366937 
C 187.370538 68.703839 175.303762 66.303608 163.1185 66.303608 
" clip-path="url(#p6820df31bc)" style="fill: none; stroke: #b0b0b0; stroke-width: 0.8; stroke-linecap: square"/>
     </g>
     <g id="text_12">
      <!-- 0.4 -->
      <g transform="translate(127.608748 71.287249) scale(0.1 -0.1)">
       <use xlink:href="#DejaVuSans-30"/>
       <use xlink:href="#DejaVuSans-2e" transform="translate(63.623047 0)"/>
       <use xlink:href="#DejaVuSans-34" transform="translate(95.410156 0)"/>
      </g>
     </g>
    </g>
    <g id="ytick_5">
     <g id="line2d_13">
      <path d="M 163.1185 43.105744 
C 147.886922 43.105744 132.803452 46.106033 118.731309 51.934905 
C 104.659167 57.763778 91.872018 66.307877 81.101666 77.078229 
C 70.331314 87.848581 61.787215 100.635729 55.958343 114.707872 
C 50.12947 128.780015 47.129182 143.863485 47.129182 159.095062 
C 47.129182 174.32664 50.12947 189.41011 55.958343 203.482253 
C 61.787215 217.554396 70.331314 230.341544 81.101666 241.111896 
C 91.872018 251.882248 104.659167 260.426347 118.731309 266.25522 
C 132.803452 272.084092 147.886922 275.084381 163.1185 275.084381 
C 178.350078 275.084381 193.433548 272.084092 207.505691 266.25522 
C 221.577833 260.426347 234.364982 251.882248 245.135334 241.111896 
C 255.905686 230.341544 264.449785 217.554396 270.278657 203.482253 
C 276.10753 189.41011 279.107818 174.32664 279.107818 159.095062 
C 279.107818 143.863485 276.10753 128.780015 270.278657 114.707872 
C 264.449785 100.635729 255.905686 87.848581 245.135334 77.078229 
C 234.364982 66.307877 221.577833 57.763778 207.505691 51.934905 
C 193.433548 46.106033 178.350078 43.105744 163.1185 43.105744 
" clip-path="url(#p6820df31bc)" style="fill: none; stroke: #b0b0b0; stroke-width: 0.8; stroke-linecap: square"/>
     </g>
     <g id="text_13">
      <!-- 0.5 -->
      <g transform="translate(118.731309 49.855218) scale(0.1 -0.1)">
       <use xlink:href="#DejaVuSans-30"/>
       <use xlink:href="#DejaVuSans-2e" transform="translate(63.623047 0)"/>
       <use xlink:href="#DejaVuSans-35" transform="translate(95.410156 0)"/>
      </g>
     </g>
    </g>
   </g>
   <g id="line2d_14">
    <path d="M 163.1185 159.095062 
L 162.866046 151.102054 
L 162.111201 143.164766 
L 160.861486 135.338438 
L 159.129362 127.677345 
L 156.932116 120.234327 
L 154.291706 113.060335 
L 151.234558 106.203983 
L 147.79133 99.711137 
L 143.996631 93.62451 
L 139.888709 87.983302 
L 135.509105 82.82286 
L 130.90227 78.174374 
L 126.115171 74.064621 
L 121.196854 70.515729 
L 116.198006 67.545001 
L 111.170489 65.164771 
L 106.166871 63.382309 
L 101.239946 62.199771 
L 96.442252 61.614187 
L 91.825594 61.617511 
L 87.440569 62.196698 
L 83.336102 63.333839 
L 79.559002 65.006332 
L 76.153528 67.187097 
L 73.160983 69.844833 
L 70.619335 72.944306 
L 68.562863 76.446681 
L 67.021841 80.309879 
L 66.022249 84.488963 
L 65.585536 88.936557 
L 65.72841 93.603272 
L 66.462675 98.438168 
L 67.795116 103.38921 
L 69.727422 108.403751 
L 72.256157 113.42901 
L 75.372778 118.41255 
L 79.063699 123.302758 
L 83.310395 128.049315 
L 88.089557 132.603654 
L 93.373282 136.919398 
L 99.129314 140.952786 
L 105.321314 144.663067 
L 111.909171 148.01287 
L 118.849347 150.968547 
L 126.095252 153.500473 
L 133.597647 155.583317 
L 141.305066 157.196273 
L 149.164268 158.323248 
L 157.120691 158.953006 
L 161.118067 159.110853 
L 153.133776 159.489337 
L 145.219079 160.368799 
L 137.42902 161.740476 
L 129.817558 163.590686 
L 122.437103 165.90096 
L 115.338064 168.648201 
L 108.568405 171.804903 
L 102.173241 175.339391 
L 96.194439 179.216116 
L 90.670266 183.395974 
L 85.635057 187.836659 
L 81.118922 192.493051 
L 77.147495 197.317624 
L 73.741714 202.26088 
L 70.91765 207.271793 
L 68.68638 212.29828 
L 67.053898 217.287673 
L 66.021076 222.187195 
L 65.58367 226.944448 
L 65.732375 231.507884 
L 66.452917 235.827281 
L 67.726193 239.854202 
L 69.528463 243.542436 
L 71.831564 246.848426 
L 74.603184 249.731668 
L 77.807156 252.155084 
L 81.4038 254.085368 
L 85.350285 255.493296 
L 89.601025 256.353997 
L 94.108097 256.64719 
L 98.821684 256.357381 
L 103.690527 255.47401 
L 108.662393 253.991561 
L 113.684557 251.909625 
L 118.704277 249.23292 
L 123.66928 245.971254 
L 128.528232 242.139463 
L 133.23121 237.757282 
L 137.730153 232.84919 
L 141.9793 227.444199 
L 145.935605 221.575615 
L 149.55913 215.280751 
L 152.813405 208.600607 
L 155.665757 201.57952 
L 158.087614 194.264782 
L 160.054756 186.706229 
L 161.547538 178.955813 
L 162.551069 171.06715 
L 163.055347 163.095055 
L 163.181653 163.095055 
L 163.685931 171.06715 
L 164.689462 178.955813 
L 166.182244 186.706229 
L 168.149386 194.264782 
L 170.571243 201.57952 
L 173.423595 208.600607 
L 176.67787 215.280751 
L 180.301395 221.575615 
L 184.2577 227.444199 
L 188.506847 232.84919 
L 193.00579 237.757282 
L 197.708768 242.139463 
L 202.56772 245.971254 
L 207.532723 249.23292 
L 212.552443 251.909625 
L 217.574607 253.991561 
L 222.546473 255.47401 
L 227.415316 256.357381 
L 232.128903 256.64719 
L 236.635975 256.353997 
L 240.886715 255.493296 
L 244.8332 254.085368 
L 248.429844 252.155084 
L 251.633816 249.731668 
L 254.405436 246.848426 
L 256.708537 243.542436 
L 258.510807 239.854202 
L 259.784083 235.827281 
L 260.504625 231.507884 
L 260.65333 226.944448 
L 260.215924 222.187195 
L 259.183102 217.287673 
L 257.55062 212.29828 
L 255.31935 207.271793 
L 252.495286 202.26088 
L 249.089505 197.317624 
L 245.118078 192.493051 
L 240.601943 187.836659 
L 235.566734 183.395974 
L 230.042561 179.216116 
L 224.063759 175.339391 
L 217.668595 171.804903 
L 210.898936 168.648201 
L 203.799897 165.90096 
L 196.419442 163.590686 
L 188.80798 161.740476 
L 181.017921 160.368799 
L 173.103224 159.489337 
L 165.118933 159.110853 
L 169.116309 158.953006 
L 177.072732 158.323248 
L 184.931934 157.196273 
L 192.639353 155.583317 
L 200.141748 153.500473 
L 207.387653 150.968547 
L 214.327829 148.01287 
L 220.915686 144.663067 
L 227.107686 140.952786 
L 232.863718 136.919398 
L 238.147443 132.603654 
L 242.926605 128.049315 
L 247.173301 123.302758 
L 250.864222 118.41255 
L 253.980843 113.42901 
L 256.509578 108.403751 
L 258.441884 103.38921 
L 259.774325 98.438168 
L 260.50859 93.603272 
L 260.651464 88.936557 
L 260.214751 84.488963 
L 259.215159 80.309879 
L 257.674137 76.446681 
L 255.617665 72.944306 
L 253.076017 69.844833 
L 250.083472 67.187097 
L 246.677998 65.006332 
L 242.900898 63.333839 
L 238.796431 62.196698 
L 234.411406 61.617511 
L 229.794748 61.614187 
L 224.997054 62.199771 
L 220.070129 63.382309 
L 215.066511 65.164771 
L 210.038994 67.545001 
L 205.040146 70.515729 
L 200.121829 74.064621 
L 195.33473 78.174374 
L 190.727895 82.82286 
L 186.348291 87.983302 
L 182.240369 93.62451 
L 178.44567 99.711137 
L 175.002442 106.203983 
L 171.945294 113.060335 
L 169.304884 120.234327 
L 167.107638 127.677345 
L 165.375514 135.338438 
L 164.125799 143.164766 
L 163.370954 151.102054 
L 163.1185 159.095062 
L 163.1185 159.095062 
" clip-path="url(#p6820df31bc)" style="fill: none; stroke: #1f77b4; stroke-width: 1.5; stroke-linecap: square"/>
   </g>
   <g id="patch_3">
    <path d="M 163.1185 26.039062 
C 145.645746 26.039062 128.342893 29.480814 112.200173 36.167347 
C 96.057454 42.853881 81.388803 52.65516 69.0337 65.010263 
C 56.678597 77.365365 46.877318 92.034016 40.190785 108.176736 
C 33.504252 124.319455 30.0625 141.622309 30.0625 159.095062 
C 30.0625 176.567816 33.504252 193.87067 40.190785 210.013389 
C 46.877318 226.156109 56.678597 240.82476 69.0337 253.179862 
C 81.388803 265.534965 96.057454 275.336244 112.200173 282.022778 
C 128.342893 288.709311 145.645746 292.151062 163.1185 292.151062 
C 180.591254 292.151062 197.894107 288.709311 214.036827 282.022778 
C 230.179546 275.336244 244.848197 265.534965 257.2033 253.179862 
C 269.558403 240.82476 279.359682 226.156109 286.046215 210.013389 
C 292.732748 193.87067 296.1745 176.567816 296.1745 159.095062 
C 296.1745 141.622309 292.732748 124.319455 286.046215 108.176736 
C 279.359682 92.034016 269.558403 77.365365 257.2033 65.010263 
C 244.848197 52.65516 230.179546 42.853881 214.036827 36.167347 
C 197.894107 29.480814 180.591254 26.039062 163.1185 26.039062 
" style="fill: none; stroke: #000000; stroke-width: 0.8; stroke-linejoin: miter; stroke-linecap: square"/>
   </g>
  </g>
 </g>
 <defs>
  <clipPath id="p6820df31bc">
   <path d="M 296.1745 159.095062 
C 296.1745 141.622309 292.732748 124.319455 286.046215 108.176736 
C 279.359682 92.034016 269.558403 77.365365 257.2033 65.010263 
C 244.848197 52.65516 230.179546 42.853881 214.036827 36.167347 
C 197.894107 29.480814 180.591254 26.039062 163.1185 26.039062 
C 145.645746 26.039062 128.342893 29.480814 112.200173 36.167347 
C 96.057454 42.853881 81.388803 52.65516 69.0337 65.010263 
C 56.678597 77.365365 46.877318 92.034016 40.190785 108.176736 
C 33.504252 124.319455 30.0625 141.622309 30.0625 159.095062 
C 30.0625 176.567816 33.504252 193.87067 40.190785 210.013389 
C 46.877318 226.156109 56.678597 240.82476 69.0337 253.179862 
C 81.388803 265.534965 96.057454 275.336244 112.200173 282.022778 
C 128.342893 288.709311 145.645746 292.151062 163.1185 292.151062 
C 180.591254 292.151062 197.894107 288.709311 214.036827 282.022778 
C 230.179546 275.336244 244.848197 265.534965 257.2033 253.179862 
C 269.558403 240.82476 279.359682 226.156109 286.046215 210.013389 
C 292.732748 193.87067 296.1745 176.567816 296.1745 159.095062 
M 163.1185 159.095062 
C 163.1185 159.095062 163.1185 159.095062 163.1185 159.095062 
C 163.1185 159.095062 163.1185 159.095062 163.1185 159.095062 
C 163.1185 159.095062 163.1185 159.095062 163.1185 159.095062 
C 163.1185 159.095062 163.1185 159.095062 163.1185 159.095062 
C 163.1185 159.095062 163.1185 159.095062 163.1185 159.095062 
C 163.1185 159.095062 163.1185 159.095062 163.1185 159.095062 
C 163.1185 159.095062 163.1185 159.095062 163.1185 159.095062 
C 163.1185 159.095062 163.1185 159.095062 163.1185 159.095062 
C 163.1185 159.095062 163.1185 159.095062 163.1185 159.095062 
C 163.1185 159.095062 163.1185 159.095062 163.1185 159.095062 
C 163.1185 159.095062 163.1185 159.095062 163.1185 159.095062 
C 163.1185 159.095062 163.1185 159.095062 163.1185 159.095062 
C 163.1185 159.095062 163.1185 159.095062 163.1185 159.095062 
C 163.1185 159.095062 163.1185 159.095062 163.1185 159.095062 
C 163.1185 159.095062 163.1185 159.095062 163.1185 159.095062 
C 163.1185 159.095062 163.1185 159.095062 163.1185 159.095062 
z
"/>
  </clipPath>
 </defs>
</svg>