<?xml version="1.0" encoding="utf-8" standalone="no"?>
<!DOCTYPE svg PUBLIC "-//W3C//DTD SVG 1.1//EN"
  "http://www.w3.org/Graphics/SVG/1.1/DTD/svg11.dtd">
<svg xmlns:xlink="http://www.w3.org/1999/xlink" width="329.41825pt" height="318.190125pt" viewBox="0 0 329.41825 318.190125" xmlns="http://www.w3.org/2000/svg" version="1.1">
 <metadata>
  <rdf:RDF xmlns:dc="http://purl.org/dc/elements/1.1/" xmlns:cc="http://creativecommons.org/ns#" xmlns:rdf="http://www.w3.org/1999/02/22-rdf-syntax-ns#">
   <cc:Work>
    <dc:type rdf:resource="http://purl.org/dc/dcmitype/StillImage"/>
    <dc:date>2025-07-06T07:39:19.744222</dc:date>
    <dc:format>image/svg+xml</dc:format>
    <dc:creator>
     <cc:Agent>
      <dc:title>Matplotlib v3.10.3, https://matplotlib.org/</dc:title>
     </cc:Agent>
    </dc:creator>
   </cc:Work>
  </rdf:RDF>
 </metadata>
 <defs>
  <style type="text/css">*{stroke-linejoin: round; stroke-linecap: butt}</style>
 </defs>
 <g id="figure_1">
  <g id="patch_1">
   <path d="M 0 318.190125 
L 329.41825 318.190125 
L 329.41825 0 
L 0 0 
z
" style="fill: #ffffff"/>
  </g>
  <g id="axes_1">
   <g id="patch_2">
    <path d="M 296.1745 159.095062 
C 296.1745 141.622309 292.732748 124.319455 286.046215 108.176736 
C 279.359682 92.034016 269.558403 77.365365 257.2033 65.010263 
C 244.848197 52.65516 230.179546 42.853881 214.036827 36.167347 
C 197.894107 29.480814 180.591254 26.039062 163.1185 26.039062 
C 145.645746 26.039062 128.342893 29.480814 112.200173 36.167347 
C 96.057454 42.853881 81.388803 52.65516 69.0337 65.010263 
C 56.678597 77.365365 46.877318 92.034016 40.190785 108.176736 
C 33.504252 124.319455 30.0625 141.622309 30.0625 159.095062 
C 30.0625 176.567816 33.504252 193.87067 40.190785 210.013389 
C 46.877318 226.156109 56.678597 240.82476 69.0337 253.179862 
C 81.388803 265.534965 96.057454 275.336244 112.200173 282.022778 
C 128.342893 288.709311 145.645746 292.151062 163.1185 292.151062 
C 180.591254 292.151062 197.894107 288.709311 214.036827 282.022778 
C 230.179546 275.336244 244.848197 265.534965 257.2033 253.179862 
C 269.558403 240.82476 279.359682 226.156109 286.046215 210.013389 
C 292.732748 193.87067 296.1745 176.567816 296.1745 159.095062 
M 163.1185 159.095062 
C 163.1185 159.095062 163.1185 159.095062 163.1185 159.095062 
C 163.1185 159.095062 163.1185 159.095062 163.1185 159.095062 
C 163.1185 159.095062 163.1185 159.095062 163.1185 159.095062 
C 163.1185 159.095062 163.1185 159.095062 163.1185 159.095062 
C 163.1185 159.095062 163.1185 159.095062 163.1185 159.095062 
C 163.1185 159.095062 163.1185 159.095062 163.1185 159.095062 
C 163.1185 159.095062 163.1185 159.095062 163.1185 159.095062 
C 163.1185 159.095062 163.1185 159.095062 163.1185 159.095062 
C 163.1185 159.095062 163.1185 159.095062 163.1185 159.095062 
C 163.1185 159.095062 163.1185 159.095062 163.1185 159.095062 
C 163.1185 159.095062 163.1185 159.095062 163.1185 159.095062 
C 163.1185 159.095062 163.1185 159.095062 163.1185 159.095062 
C 163.1185 159.095062 163.1185 159.095062 163.1185 159.095062 
C 163.1185 159.095062 163.1185 159.095062 163.1185 159.095062 
C 163.1185 159.095062 163.1185 159.095062 163.1185 159.095062 
C 163.1185 159.095062 163.1185 159.095062 163.1185 159.095062 
z
" style="fill: #ffffff"/>
   </g>
   <g id="matplotlib.axis_1">
    <g id="xtick_1">
     <g id="line2d_1">
      <path d="M 163.1185 159.095062 
L 163.1185 26.039062 
" clip-path="url(#p178eab15ff)" style="fill: none; stroke: #b0b0b0; stroke-width: 0.8; stroke-linecap: square"/>
     </g>
     <g id="text_1">
      <!-- 0° -->
      <g transform="translate(157.43725 14.798437) scale(0.1 -0.1)">
       <defs>
        <path id="DejaVuSans-30" d="M 2034 4250 
Q 1547 4250 1301 3770 
Q 1056 3291 1056 2328 
Q 1056 1369 1301 889 
Q 1547 409 2034 409 
Q 2525 409 2770 889 
Q 3016 1369 3016 2328 
Q 3016 3291 2770 3770 
Q 2525 4250 2034 4250 
z
M 2034 4750 
Q 2819 4750 3233 4129 
Q 3647 3509 3647 2328 
Q 3647 1150 3233 529 
Q 2819 -91 2034 -91 
Q 1250 -91 836 529 
Q 422 1150 422 2328 
Q 422 3509 836 4129 
Q 1250 4750 2034 4750 
z
" transform="scale(0.015625)"/>
        <path id="DejaVuSans-b0" d="M 1600 4347 
Q 1350 4347 1178 4173 
Q 1006 4000 1006 3750 
Q 1006 3503 1178 3333 
Q 1350 3163 1600 3163 
Q 1850 3163 2022 3333 
Q 2194 3503 2194 3750 
Q 2194 3997 2020 4172 
Q 1847 4347 1600 4347 
z
M 1600 4750 
Q 1800 4750 1984 4673 
Q 2169 4597 2303 4453 
Q 2447 4313 2519 4134 
Q 2591 3956 2591 3750 
Q 2591 3338 2302 3052 
Q 2013 2766 1594 2766 
Q 1172 2766 890 3047 
Q 609 3328 609 3750 
Q 609 4169 896 4459 
Q 1184 4750 1600 4750 
z
" transform="scale(0.015625)"/>
       </defs>
       <use xlink:href="#DejaVuSans-30"/>
       <use xlink:href="#DejaVuSans-b0" transform="translate(63.623047 0)"/>
      </g>
     </g>
    </g>
    <g id="xtick_2">
     <g id="line2d_2">
      <path d="M 163.1185 159.095062 
L 69.0337 65.010263 
" clip-path="url(#p178eab15ff)" style="fill: none; stroke: #b0b0b0; stroke-width: 0.8; stroke-linecap: square"/>
     </g>
     <g id="text_2">
      <!-- 45° -->
      <g transform="translate(50.271705 57.870143) scale(0.1 -0.1)">
       <defs>
        <path id="DejaVuSans-34" d="M 2419 4116 
L 825 1625 
L 2419 1625 
L 2419 4116 
z
M 2253 4666 
L 3047 4666 
L 3047 1625 
L 3713 1625 
L 3713 1100 
L 3047 1100 
L 3047 0 
L 2419 0 
L 2419 1100 
L 313 1100 
L 313 1709 
L 2253 4666 
z
" transform="scale(0.015625)"/>
        <path id="DejaVuSans-35" d="M 691 4666 
L 3169 4666 
L 3169 4134 
L 1269 4134 
L 1269 2991 
Q 1406 3038 1543 3061 
Q 1681 3084 1819 3084 
Q 2600 3084 3056 2656 
Q 3513 2228 3513 1497 
Q 3513 744 3044 326 
Q 2575 -91 1722 -91 
Q 1428 -91 1123 -41 
Q 819 9 494 109 
L 494 744 
Q 775 591 1075 516 
Q 1375 441 1709 441 
Q 2250 441 2565 725 
Q 2881 1009 2881 1497 
Q 2881 1984 2565 2268 
Q 2250 2553 1709 2553 
Q 1456 2553 1204 2497 
Q 953 2441 691 2322 
L 691 4666 
z
" transform="scale(0.015625)"/>
       </defs>
       <use xlink:href="#DejaVuSans-34"/>
       <use xlink:href="#DejaVuSans-35" transform="translate(63.623047 0)"/>
       <use xlink:href="#DejaVuSans-b0" transform="translate(127.246094 0)"/>
      </g>
     </g>
    </g>
    <g id="xtick_3">
     <g id="line2d_3">
      <path d="M 163.1185 159.095062 
L 30.0625 159.095062 
" clip-path="url(#p178eab15ff)" style="fill: none; stroke: #b0b0b0; stroke-width: 0.8; stroke-linecap: square"/>
     </g>
     <g id="text_3">
      <!-- 90° -->
      <g transform="translate(7.2 161.854437) scale(0.1 -0.1)">
       <defs>
        <path id="DejaVuSans-39" d="M 703 97 
L 703 672 
Q 941 559 1184 500 
Q 1428 441 1663 441 
Q 2288 441 2617 861 
Q 2947 1281 2994 2138 
Q 2813 1869 2534 1725 
Q 2256 1581 1919 1581 
Q 1219 1581 811 2004 
Q 403 2428 403 3163 
Q 403 3881 828 4315 
Q 1253 4750 1959 4750 
Q 2769 4750 3195 4129 
Q 3622 3509 3622 2328 
Q 3622 1225 3098 567 
Q 2575 -91 1691 -91 
Q 1453 -91 1209 -44 
Q 966 3 703 97 
z
M 1959 2075 
Q 2384 2075 2632 2365 
Q 2881 2656 2881 3163 
Q 2881 3666 2632 3958 
Q 2384 4250 1959 4250 
Q 1534 4250 1286 3958 
Q 1038 3666 1038 3163 
Q 1038 2656 1286 2365 
Q 1534 2075 1959 2075 
z
" transform="scale(0.015625)"/>
       </defs>
       <use xlink:href="#DejaVuSans-39"/>
       <use xlink:href="#DejaVuSans-30" transform="translate(63.623047 0)"/>
       <use xlink:href="#DejaVuSans-b0" transform="translate(127.246094 0)"/>
      </g>
     </g>
    </g>
    <g id="xtick_4">
     <g id="line2d_4">
      <path d="M 163.1185 159.095062 
L 69.0337 253.179862 
" clip-path="url(#p178eab15ff)" style="fill: none; stroke: #b0b0b0; stroke-width: 0.8; stroke-linecap: square"/>
     </g>
     <g id="text_4">
      <!-- 135° -->
      <g transform="translate(47.090455 265.838732) scale(0.1 -0.1)">
       <defs>
        <path id="DejaVuSans-31" d="M 794 531 
L 1825 531 
L 1825 4091 
L 703 3866 
L 703 4441 
L 1819 4666 
L 2450 4666 
L 2450 531 
L 3481 531 
L 3481 0 
L 794 0 
L 794 531 
z
" transform="scale(0.015625)"/>
        <path id="DejaVuSans-33" d="M 2597 2516 
Q 3050 2419 3304 2112 
Q 3559 1806 3559 1356 
Q 3559 666 3084 287 
Q 2609 -91 1734 -91 
Q 1441 -91 1130 -33 
Q 819 25 488 141 
L 488 750 
Q 750 597 1062 519 
Q 1375 441 1716 441 
Q 2309 441 2620 675 
Q 2931 909 2931 1356 
Q 2931 1769 2642 2001 
Q 2353 2234 1838 2234 
L 1294 2234 
L 1294 2753 
L 1863 2753 
Q 2328 2753 2575 2939 
Q 2822 3125 2822 3475 
Q 2822 3834 2567 4026 
Q 2313 4219 1838 4219 
Q 1578 4219 1281 4162 
Q 984 4106 628 3988 
L 628 4550 
Q 988 4650 1302 4700 
Q 1616 4750 1894 4750 
Q 2613 4750 3031 4423 
Q 3450 4097 3450 3541 
Q 3450 3153 3228 2886 
Q 3006 2619 2597 2516 
z
" transform="scale(0.015625)"/>
       </defs>
       <use xlink:href="#DejaVuSans-31"/>
       <use xlink:href="#DejaVuSans-33" transform="translate(63.623047 0)"/>
       <use xlink:href="#DejaVuSans-35" transform="translate(127.246094 0)"/>
       <use xlink:href="#DejaVuSans-b0" transform="translate(190.869141 0)"/>
      </g>
     </g>
    </g>
    <g id="xtick_5">
     <g id="line2d_5">
      <path d="M 163.1185 159.095062 
L 163.1185 292.151062 
" clip-path="url(#p178eab15ff)" style="fill: none; stroke: #b0b0b0; stroke-width: 0.8; stroke-linecap: square"/>
     </g>
     <g id="text_5">
      <!-- 180° -->
      <g transform="translate(151.07475 308.910437) scale(0.1 -0.1)">
       <defs>
        <path id="DejaVuSans-38" d="M 2034 2216 
Q 1584 2216 1326 1975 
Q 1069 1734 1069 1313 
Q 1069 891 1326 650 
Q 1584 409 2034 409 
Q 2484 409 2743 651 
Q 3003 894 3003 1313 
Q 3003 1734 2745 1975 
Q 2488 2216 2034 2216 
z
M 1403 2484 
Q 997 2584 770 2862 
Q 544 3141 544 3541 
Q 544 4100 942 4425 
Q 1341 4750 2034 4750 
Q 2731 4750 3128 4425 
Q 3525 4100 3525 3541 
Q 3525 3141 3298 2862 
Q 3072 2584 2669 2484 
Q 3125 2378 3379 2068 
Q 3634 1759 3634 1313 
Q 3634 634 3220 271 
Q 2806 -91 2034 -91 
Q 1263 -91 848 271 
Q 434 634 434 1313 
Q 434 1759 690 2068 
Q 947 2378 1403 2484 
z
M 1172 3481 
Q 1172 3119 1398 2916 
Q 1625 2713 2034 2713 
Q 2441 2713 2670 2916 
Q 2900 3119 2900 3481 
Q 2900 3844 2670 4047 
Q 2441 4250 2034 4250 
Q 1625 4250 1398 4047 
Q 1172 3844 1172 3481 
z
" transform="scale(0.015625)"/>
       </defs>
       <use xlink:href="#DejaVuSans-31"/>
       <use xlink:href="#DejaVuSans-38" transform="translate(63.623047 0)"/>
       <use xlink:href="#DejaVuSans-30" transform="translate(127.246094 0)"/>
       <use xlink:href="#DejaVuSans-b0" transform="translate(190.869141 0)"/>
      </g>
     </g>
    </g>
    <g id="xtick_6">
     <g id="line2d_6">
      <path d="M 163.1185 159.095062 
L 257.2033 253.179862 
" clip-path="url(#p178eab15ff)" style="fill: none; stroke: #b0b0b0; stroke-width: 0.8; stroke-linecap: square"/>
     </g>
     <g id="text_6">
      <!-- 225° -->
      <g transform="translate(255.059045 265.838732) scale(0.1 -0.1)">
       <defs>
        <path id="DejaVuSans-32" d="M 1228 531 
L 3431 531 
L 3431 0 
L 469 0 
L 469 531 
Q 828 903 1448 1529 
Q 2069 2156 2228 2338 
Q 2531 2678 2651 2914 
Q 2772 3150 2772 3378 
Q 2772 3750 2511 3984 
Q 2250 4219 1831 4219 
Q 1534 4219 1204 4116 
Q 875 4013 500 3803 
L 500 4441 
Q 881 4594 1212 4672 
Q 1544 4750 1819 4750 
Q 2544 4750 2975 4387 
Q 3406 4025 3406 3419 
Q 3406 3131 3298 2873 
Q 3191 2616 2906 2266 
Q 2828 2175 2409 1742 
Q 1991 1309 1228 531 
z
" transform="scale(0.015625)"/>
       </defs>
       <use xlink:href="#DejaVuSans-32"/>
       <use xlink:href="#DejaVuSans-32" transform="translate(63.623047 0)"/>
       <use xlink:href="#DejaVuSans-35" transform="translate(127.246094 0)"/>
       <use xlink:href="#DejaVuSans-b0" transform="translate(190.869141 0)"/>
      </g>
     </g>
    </g>
    <g id="xtick_7">
     <g id="line2d_7">
      <path d="M 163.1185 159.095062 
L 296.1745 159.095062 
" clip-path="url(#p178eab15ff)" style="fill: none; stroke: #b0b0b0; stroke-width: 0.8; stroke-linecap: square"/>
     </g>
     <g id="text_7">
      <!-- 270° -->
      <g transform="translate(298.13075 161.854437) scale(0.1 -0.1)">
       <defs>
        <path id="DejaVuSans-37" d="M 525 4666 
L 3525 4666 
L 3525 4397 
L 1831 0 
L 1172 0 
L 2766 4134 
L 525 4134 
L 525 4666 
z
" transform="scale(0.015625)"/>
       </defs>
       <use xlink:href="#DejaVuSans-32"/>
       <use xlink:href="#DejaVuSans-37" transform="translate(63.623047 0)"/>
       <use xlink:href="#DejaVuSans-30" transform="translate(127.246094 0)"/>
       <use xlink:href="#DejaVuSans-b0" transform="translate(190.869141 0)"/>
      </g>
     </g>
    </g>
    <g id="xtick_8">
     <g id="line2d_8">
      <path d="M 163.1185 159.095062 
L 257.2033 65.010263 
" clip-path="url(#p178eab15ff)" style="fill: none; stroke: #b0b0b0; stroke-width: 0.8; stroke-linecap: square"/>
     </g>
     <g id="text_8">
      <!-- 315° -->
      <g transform="translate(255.059045 57.870143) scale(0.1 -0.1)">
       <use xlink:href="#DejaVuSans-33"/>
       <use xlink:href="#DejaVuSans-31" transform="translate(63.623047 0)"/>
       <use xlink:href="#DejaVuSans-35" transform="translate(127.246094 0)"/>
       <use xlink:href="#DejaVuSans-b0" transform="translate(190.869141 0)"/>
      </g>
     </g>
    </g>
   </g>
   <g id="matplotlib.axis_2">
    <g id="ytick_1">
     <g id="line2d_9">
      <path d="M 163.1185 135.896476 
C 160.07209 135.896476 157.055302 136.496553 154.240785 137.662363 
C 151.426269 138.828174 148.86876 140.537047 146.714622 142.691185 
C 144.560485 144.845322 142.851612 147.402832 141.685801 150.217348 
C 140.51999 153.031864 139.919914 156.048652 139.919914 159.095062 
C 139.919914 162.141473 140.51999 165.158261 141.685801 167.972777 
C 142.851612 170.787293 144.560485 173.344803 146.714622 175.49894 
C 148.86876 177.653078 151.426269 179.361951 154.240785 180.527762 
C 157.055302 181.693572 160.07209 182.293649 163.1185 182.293649 
C 166.16491 182.293649 169.181698 181.693572 171.996215 180.527762 
C 174.810731 179.361951 177.36824 177.653078 179.522378 175.49894 
C 181.676515 173.344803 183.385388 170.787293 184.551199 167.972777 
C 185.71701 165.158261 186.317086 162.141473 186.317086 159.095062 
C 186.317086 156.048652 185.71701 153.031864 184.551199 150.217348 
C 183.385388 147.402832 181.676515 144.845322 179.522378 142.691185 
C 177.36824 140.537047 174.810731 138.828174 171.996215 137.662363 
C 169.181698 136.496553 166.16491 135.896476 163.1185 135.896476 
" clip-path="url(#p178eab15ff)" style="fill: none; stroke: #b0b0b0; stroke-width: 0.8; stroke-linecap: square"/>
     </g>
     <g id="text_9">
      <!-- 0.1 -->
      <g transform="translate(154.240785 135.582676) scale(0.1 -0.1)">
       <defs>
        <path id="DejaVuSans-2e" d="M 684 794 
L 1344 794 
L 1344 0 
L 684 0 
L 684 794 
z
" transform="scale(0.015625)"/>
       </defs>
       <use xlink:href="#DejaVuSans-30"/>
       <use xlink:href="#DejaVuSans-2e" transform="translate(63.623047 0)"/>
       <use xlink:href="#DejaVuSans-31" transform="translate(95.410156 0)"/>
      </g>
     </g>
    </g>
    <g id="ytick_2">
     <g id="line2d_10">
      <path d="M 163.1185 112.69789 
C 157.025679 112.69789 150.992103 113.898043 145.363071 116.229664 
C 139.734038 118.561286 134.619019 121.979032 130.310744 126.287307 
C 126.00247 130.595582 122.584723 135.710601 120.253102 141.339633 
C 117.92148 146.968666 116.721327 153.002242 116.721327 159.095062 
C 116.721327 165.187883 117.92148 171.221459 120.253102 176.850492 
C 122.584723 182.479524 126.00247 187.594543 130.310744 191.902818 
C 134.619019 196.211093 139.734038 199.628839 145.363071 201.960461 
C 150.992103 204.292082 157.025679 205.492235 163.1185 205.492235 
C 169.211321 205.492235 175.244897 204.292082 180.873929 201.960461 
C 186.502962 199.628839 191.617981 196.211093 195.926256 191.902818 
C 200.23453 187.594543 203.652277 182.479524 205.983898 176.850492 
C 208.31552 171.221459 209.515673 165.187883 209.515673 159.095062 
C 209.515673 153.002242 208.31552 146.968666 205.983898 141.339633 
C 203.652277 135.710601 200.23453 130.595582 195.926256 126.287307 
C 191.617981 121.979032 186.502962 118.561286 180.873929 116.229664 
C 175.244897 113.898043 169.211321 112.69789 163.1185 112.69789 
" clip-path="url(#p178eab15ff)" style="fill: none; stroke: #b0b0b0; stroke-width: 0.8; stroke-linecap: square"/>
     </g>
     <g id="text_10">
      <!-- 0.2 -->
      <g transform="translate(145.363071 114.149977) scale(0.1 -0.1)">
       <use xlink:href="#DejaVuSans-30"/>
       <use xlink:href="#DejaVuSans-2e" transform="translate(63.623047 0)"/>
       <use xlink:href="#DejaVuSans-32" transform="translate(95.410156 0)"/>
      </g>
     </g>
    </g>
    <g id="ytick_3">
     <g id="line2d_11">
      <path d="M 163.1185 89.499303 
C 153.979269 89.499303 144.928905 91.299533 136.485356 94.796965 
C 128.041807 98.294397 120.369279 103.421017 113.906867 109.883429 
C 107.444454 116.345842 102.317835 124.01837 98.820403 132.461918 
C 95.32297 140.905467 93.522741 149.955831 93.522741 159.095062 
C 93.522741 168.234294 95.32297 177.284658 98.820403 185.728207 
C 102.317835 194.171755 107.444454 201.844283 113.906867 208.306696 
C 120.369279 214.769108 128.041807 219.895728 136.485356 223.39316 
C 144.928905 226.890592 153.979269 228.690822 163.1185 228.690822 
C 172.257731 228.690822 181.308095 226.890592 189.751644 223.39316 
C 198.195193 219.895728 205.867721 214.769108 212.330133 208.306696 
C 218.792546 201.844283 223.919165 194.171755 227.416597 185.728207 
C 230.91403 177.284658 232.714259 168.234294 232.714259 159.095062 
C 232.714259 149.955831 230.91403 140.905467 227.416597 132.461918 
C 223.919165 124.01837 218.792546 116.345842 212.330133 109.883429 
C 205.867721 103.421017 198.195193 98.294397 189.751644 94.796965 
C 181.308095 91.299533 172.257731 89.499303 163.1185 89.499303 
" clip-path="url(#p178eab15ff)" style="fill: none; stroke: #b0b0b0; stroke-width: 0.8; stroke-linecap: square"/>
     </g>
     <g id="text_11">
      <!-- 0.3 -->
      <g transform="translate(136.485356 92.717278) scale(0.1 -0.1)">
       <use xlink:href="#DejaVuSans-30"/>
       <use xlink:href="#DejaVuSans-2e" transform="translate(63.623047 0)"/>
       <use xlink:href="#DejaVuSans-33" transform="translate(95.410156 0)"/>
      </g>
     </g>
    </g>
    <g id="ytick_4">
     <g id="line2d_12">
      <path d="M 163.1185 66.300717 
C 150.932858 66.300717 138.865706 68.701023 127.607641 73.364266 
C 116.349576 78.027509 106.119539 84.863002 97.502989 93.479551 
C 88.886439 102.096101 82.050947 112.326139 77.387703 123.584204 
C 72.72446 134.842269 70.324154 146.909421 70.324154 159.095062 
C 70.324154 171.280704 72.72446 183.347856 77.387703 194.605921 
C 82.050947 205.863986 88.886439 216.094024 97.502989 224.710574 
C 106.119539 233.327123 116.349576 240.162616 127.607641 244.825859 
C 138.865706 249.489102 150.932858 251.889408 163.1185 251.889408 
C 175.304142 251.889408 187.371294 249.489102 198.629359 244.825859 
C 209.887424 240.162616 220.117461 233.327123 228.734011 224.710574 
C 237.350561 216.094024 244.186053 205.863986 248.849297 194.605921 
C 253.51254 183.347856 255.912846 171.280704 255.912846 159.095062 
C 255.912846 146.909421 253.51254 134.842269 248.849297 123.584204 
C 244.186053 112.326139 237.350561 102.096101 228.734011 93.479551 
C 220.117461 84.863002 209.887424 78.027509 198.629359 73.364266 
C 187.371294 68.701023 175.304142 66.300717 163.1185 66.300717 
" clip-path="url(#p178eab15ff)" style="fill: none; stroke: #b0b0b0; stroke-width: 0.8; stroke-linecap: square"/>
     </g>
     <g id="text_12">
      <!-- 0.4 -->
      <g transform="translate(127.607641 71.284578) scale(0.1 -0.1)">
       <use xlink:href="#DejaVuSans-30"/>
       <use xlink:href="#DejaVuSans-2e" transform="translate(63.623047 0)"/>
       <use xlink:href="#DejaVuSans-34" transform="translate(95.410156 0)"/>
      </g>
     </g>
    </g>
    <g id="ytick_5">
     <g id="line2d_13">
      <path d="M 163.1185 43.102131 
C 147.886448 43.102131 132.802508 46.102513 118.729927 51.931567 
C 104.657345 57.760621 91.869799 66.304986 81.099111 77.075674 
C 70.328424 87.846361 61.784058 100.633908 55.955004 114.706489 
C 50.12595 128.77907 47.125568 143.86301 47.125568 159.095062 
C 47.125568 174.327115 50.12595 189.411055 55.955004 203.483636 
C 61.784058 217.556217 70.328424 230.343764 81.099111 241.114451 
C 91.869799 251.885139 104.657345 260.429504 118.729927 266.258558 
C 132.802508 272.087612 147.886448 275.087994 163.1185 275.087994 
C 178.350552 275.087994 193.434492 272.087612 207.507073 266.258558 
C 221.579655 260.429504 234.367201 251.885139 245.137889 241.114451 
C 255.908576 230.343764 264.452942 217.556217 270.281996 203.483636 
C 276.11105 189.411055 279.111432 174.327115 279.111432 159.095062 
C 279.111432 143.86301 276.11105 128.77907 270.281996 114.706489 
C 264.452942 100.633908 255.908576 87.846361 245.137889 77.075674 
C 234.367201 66.304986 221.579655 57.760621 207.507073 51.931567 
C 193.434492 46.102513 178.350552 43.102131 163.1185 43.102131 
" clip-path="url(#p178eab15ff)" style="fill: none; stroke: #b0b0b0; stroke-width: 0.8; stroke-linecap: square"/>
     </g>
     <g id="text_13">
      <!-- 0.5 -->
      <g transform="translate(118.729927 49.851879) scale(0.1 -0.1)">
       <use xlink:href="#DejaVuSans-30"/>
       <use xlink:href="#DejaVuSans-2e" transform="translate(63.623047 0)"/>
       <use xlink:href="#DejaVuSans-35" transform="translate(95.410156 0)"/>
      </g>
     </g>
    </g>
   </g>
   <g id="line2d_14">
    <path d="M 163.1185 159.095062 
L 163.011282 157.96652 
L 162.626068 156.001774 
L 161.783374 153.152907 
L 160.325968 149.53383 
L 159.324191 147.479805 
L 158.12125 145.289935 
L 156.705321 142.986446 
L 155.066742 140.592822 
L 153.198132 138.133587 
L 151.09447 135.634085 
L 148.753167 133.120248 
L 146.174107 130.618361 
L 143.359672 128.154822 
L 140.314742 125.7559 
L 137.046668 123.447499 
L 133.565227 121.254918 
L 129.882556 119.202621 
L 126.013061 117.314012 
L 121.973307 115.611222 
L 117.781883 114.114903 
L 113.459261 112.844039 
L 109.027623 111.815771 
L 104.510681 111.045236 
L 99.93348 110.545425 
L 95.322191 110.327061 
L 90.703888 110.3985 
L 86.106319 110.765644 
L 81.557675 111.431886 
L 77.086347 112.398069 
L 72.720686 113.662475 
L 68.488756 115.220835 
L 64.4181 117.066353 
L 60.535497 119.189767 
L 56.866738 121.579422 
L 53.436399 124.221367 
L 50.267628 127.099473 
L 47.38195 130.195569 
L 44.799079 133.4896 
L 42.536744 136.959796 
L 40.610541 140.582862 
L 39.033792 144.334176 
L 37.817435 148.188006 
L 36.969926 152.117729 
L 36.497165 156.096065 
L 36.402448 160.09531 
L 36.686434 164.08758 
L 37.347145 168.045052 
L 38.379977 171.940203 
L 39.777744 175.746052 
L 41.530739 179.436395 
L 43.626818 182.986025 
L 46.051507 186.37096 
L 48.788126 189.568642 
L 51.817931 192.558136 
L 55.120283 195.320308 
L 58.672821 197.837991 
L 62.451654 200.096129 
L 66.431574 202.081904 
L 70.586268 203.784848 
L 74.888545 205.196924 
L 79.310571 206.312593 
L 83.824109 207.12886 
L 88.400757 207.645287 
L 93.012195 207.863997 
L 97.630423 207.789642 
L 102.228001 207.42936 
L 106.778278 206.792702 
L 111.25562 205.891539 
L 115.635623 204.739952 
L 119.895316 203.354099 
L 124.01335 201.752063 
L 127.970176 199.953685 
L 131.748197 197.980381 
L 135.331914 195.854945 
L 138.708043 193.601339 
L 141.865617 191.244472 
L 144.796065 188.809975 
L 147.493266 186.323964 
L 149.953589 183.812804 
L 152.175902 181.302866 
L 154.161561 178.820287 
L 155.914379 176.390735 
L 157.440565 174.039173 
L 158.748655 171.789632 
L 160.755676 167.686778 
L 162.04591 164.247771 
L 162.758665 161.610584 
L 163.105053 159.378787 
L 163.118999 159.12664 
L 163.180633 159.880568 
L 163.478335 161.610584 
L 164.19109 164.247771 
L 165.481324 167.686778 
L 166.387596 169.664992 
L 167.488345 171.789632 
L 168.796435 174.039173 
L 170.322621 176.390735 
L 172.075439 178.820287 
L 174.061098 181.302866 
L 176.283411 183.812804 
L 178.743734 186.323964 
L 181.440935 188.809975 
L 184.371383 191.244472 
L 187.528957 193.601339 
L 190.905086 195.854945 
L 194.488803 197.980381 
L 198.266824 199.953685 
L 202.22365 201.752063 
L 206.341684 203.354099 
L 210.601377 204.739952 
L 214.98138 205.891539 
L 219.458722 206.792702 
L 224.008999 207.42936 
L 228.606577 207.789642 
L 233.224805 207.863997 
L 237.836243 207.645287 
L 242.412891 207.12886 
L 246.926429 206.312593 
L 251.348455 205.196924 
L 255.650732 203.784848 
L 259.805426 202.081904 
L 263.785346 200.096129 
L 267.564179 197.837991 
L 271.116717 195.320308 
L 274.419069 192.558136 
L 277.448874 189.568642 
L 280.185493 186.37096 
L 282.610182 182.986025 
L 284.706261 179.436395 
L 286.459256 175.746052 
L 287.857023 171.940203 
L 288.889855 168.045052 
L 289.550566 164.08758 
L 289.834552 160.09531 
L 289.739835 156.096065 
L 289.267074 152.117729 
L 288.419565 148.188006 
L 287.203208 144.334176 
L 285.626459 140.582862 
L 283.700256 136.959796 
L 281.437921 133.4896 
L 278.85505 130.195569 
L 275.969372 127.099473 
L 272.800601 124.221367 
L 269.370262 121.579422 
L 265.701503 119.189767 
L 261.8189 117.066353 
L 257.748244 115.220835 
L 253.516314 113.662475 
L 249.150653 112.398069 
L 244.679325 111.431886 
L 240.130681 110.765644 
L 235.533112 110.3985 
L 230.914809 110.327061 
L 226.30352 110.545425 
L 221.726319 111.045236 
L 217.209377 111.815771 
L 212.777739 112.844039 
L 208.455117 114.114903 
L 204.263693 115.611222 
L 200.223939 117.314012 
L 196.354444 119.202621 
L 192.671773 121.254918 
L 189.190332 123.447499 
L 185.922258 125.7559 
L 182.877328 128.154822 
L 180.062893 130.618361 
L 177.483833 133.120248 
L 175.14253 135.634085 
L 173.038868 138.133587 
L 171.170258 140.592822 
L 169.531679 142.986446 
L 168.11575 145.289935 
L 165.911032 149.53383 
L 164.453626 153.152907 
L 163.610932 156.001774 
L 163.150348 158.591397 
L 163.1185 159.095062 
L 163.1185 159.095062 
" clip-path="url(#p178eab15ff)" style="fill: none; stroke: #1f77b4; stroke-width: 1.5; stroke-linecap: square"/>
   </g>
   <g id="patch_3">
    <path d="M 163.1185 26.039062 
C 145.645746 26.039062 128.342893 29.480814 112.200173 36.167347 
C 96.057454 42.853881 81.388803 52.65516 69.0337 65.010263 
C 56.678597 77.365365 46.877318 92.034016 40.190785 108.176736 
C 33.504252 124.319455 30.0625 141.622309 30.0625 159.095062 
C 30.0625 176.567816 33.504252 193.87067 40.190785 210.013389 
C 46.877318 226.156109 56.678597 240.82476 69.0337 253.179862 
C 81.388803 265.534965 96.057454 275.336244 112.200173 282.022778 
C 128.342893 288.709311 145.645746 292.151062 163.1185 292.151062 
C 180.591254 292.151062 197.894107 288.709311 214.036827 282.022778 
C 230.179546 275.336244 244.848197 265.534965 257.2033 253.179862 
C 269.558403 240.82476 279.359682 226.156109 286.046215 210.013389 
C 292.732748 193.87067 296.1745 176.567816 296.1745 159.095062 
C 296.1745 141.622309 292.732748 124.319455 286.046215 108.176736 
C 279.359682 92.034016 269.558403 77.365365 257.2033 65.010263 
C 244.848197 52.65516 230.179546 42.853881 214.036827 36.167347 
C 197.894107 29.480814 180.591254 26.039062 163.1185 26.039062 
" style="fill: none; stroke: #000000; stroke-width: 0.8; stroke-linejoin: miter; stroke-linecap: square"/>
   </g>
  </g>
 </g>
 <defs>
  <clipPath id="p178eab15ff">
   <path d="M 296.1745 159.095062 
C 296.1745 141.622309 292.732748 124.319455 286.046215 108.176736 
C 279.359682 92.034016 269.558403 77.365365 257.2033 65.010263 
C 244.848197 52.65516 230.179546 42.853881 214.036827 36.167347 
C 197.894107 29.480814 180.591254 26.039062 163.1185 26.039062 
C 145.645746 26.039062 128.342893 29.480814 112.200173 36.167347 
C 96.057454 42.853881 81.388803 52.65516 69.0337 65.010263 
C 56.678597 77.365365 46.877318 92.034016 40.190785 108.176736 
C 33.504252 124.319455 30.0625 141.622309 30.0625 159.095062 
C 30.0625 176.567816 33.504252 193.87067 40.190785 210.013389 
C 46.877318 226.156109 56.678597 240.82476 69.0337 253.179862 
C 81.388803 265.534965 96.057454 275.336244 112.200173 282.022778 
C 128.342893 288.709311 145.645746 292.151062 163.1185 292.151062 
C 180.591254 292.151062 197.894107 288.709311 214.036827 282.022778 
C 230.179546 275.336244 244.848197 265.534965 257.2033 253.179862 
C 269.558403 240.82476 279.359682 226.156109 286.046215 210.013389 
C 292.732748 193.87067 296.1745 176.567816 296.1745 159.095062 
M 163.1185 159.095062 
C 163.1185 159.095062 163.1185 159.095062 163.1185 159.095062 
C 163.1185 159.095062 163.1185 159.095062 163.1185 159.095062 
C 163.1185 159.095062 163.1185 159.095062 163.1185 159.095062 
C 163.1185 159.095062 163.1185 159.095062 163.1185 159.095062 
C 163.1185 159.095062 163.1185 159.095062 163.1185 159.095062 
C 163.1185 159.095062 163.1185 159.095062 163.1185 159.095062 
C 163.1185 159.095062 163.1185 159.095062 163.1185 159.095062 
C 163.1185 159.095062 163.1185 159.095062 163.1185 159.095062 
C 163.1185 159.095062 163.1185 159.095062 163.1185 159.095062 
C 163.1185 159.095062 163.1185 159.095062 163.1185 159.095062 
C 163.1185 159.095062 163.1185 159.095062 163.1185 159.095062 
C 163.1185 159.095062 163.1185 159.095062 163.1185 159.095062 
C 163.1185 159.095062 163.1185 159.095062 163.1185 159.095062 
C 163.1185 159.095062 163.1185 159.095062 163.1185 159.095062 
C 163.1185 159.095062 163.1185 159.095062 163.1185 159.095062 
C 163.1185 159.095062 163.1185 159.095062 163.1185 159.095062 
z
"/>
  </clipPath>
 </defs>
</svg>